692445709
714759048
715697879
709233534
682515231
709374812
715698498
685179486
715698616
713721662
700589066
709750654
713722580
715700536
709770575
715701016
715701215
715701649
698782805
683286145
715699036
713863007
630461502
714214524
659182006
706355171
714213836
715419208
715704468
709291958
712967836
715706645
712968768
715707446
644985656
715707309
710734029
710889517
698178335
715707846
710316510
704165611
710347717
714773631
667695940
686271453
715711217
715711432
715711646
697922910
715711783
715711808
715712480
715711911
683875853
715714644
712979783
715146618
710217290
671213991
715717108
689795152
712983008
715718458
710848043
715719133
715719975
715717323
715721021
515492982
697173556
658410923
682516574
712989292
715723887
715722134
713747346
711469966
710932697
715724853
705081818
707377138
636359618
715724194
711852645
715430290
715728745
708137504
710745769
715731456
715730692
668947448
715732301
712999472
715733141
715733366
714796954
713891359
713891537
715735147
715732252
715736104
715736902
715730854
704659751
715734988
704241565
715738279
715737433
715736810
695951843
678652402
715738619
715713029
713896272
688430405
715739731
698049715
691567361
712236946
696620302
714806722
679039969
715464161
715738188
715744705
715743847
715715736
715745297
643212536
715744706
715747431
715748320
715748366
634725855
712732990
676915306
690355912
715752273
715751872
713020105
715660398
715754855
663723287
715736448
715755850
715756328
715757675
713023634
715758935
715758932
665506107
715486454
715747164
711858485
715751995
715764578
715767370
651153674
691077662
715766864
715770724
713386128
694500767
713485211
604712120
715772339
696120037
715764444
715768985
715774988
665829862
715500582
680091765
697671501
715295803
715778084
715780407
715780878
680099905
702421447
715782223
714849312
715782641
714851053
715772028
708671836
714618936
714853376
715781188
711836360
702843721
715786024
701367777
715785367
715787125
711851066
694581676
715787018
650831322
715717541
715787446
715789228
715789023
713822760
715790226
715790429
709998598
715792698
714470606
667795279
715792671
715657317
715792818
694568801
715793316
715792756
715795431
688546772
715796204
713060326
711842085
711805524
711531356
715796277
697135639
652433916
348854030
715799518
715800432
715802274
715795778
655599874
655645007
628886426
715806733
702205318
715811128
715802628
685554102
710244350
706355171
715814600
713079993
715817438
711860606
650254344
631036756
696666342
715820942
695513446
715820688
699617357
653233648
679256320
710156090
715647205
712736903
715823766
700237046
715824522
715275255
715825255
715825336
707185609
713191762
715826152
712847344
715827531
713014414
715827053
693893185
715828690
715823704
715830572
715830688
715831524
711939896
715832824
700441993
687764430
715834164
714906189
715570511
715832614
713461290
715820791
689795152
714201855
715575349
710169348
715843158
642437571
715298116
715844563
715824078
708211628
708638655
704026265
707056253
710942027
704247599
715847143
703271319
715847906
715849973
710745769
708071608
707603896
715768275
710845994
708763111
714921746
715852387
697089127
702141732
714006443
715853983
686127116
664500295
715856590
715856291
710000184
715859258
699316243
715520832
697811253
685107277
714933263
700972739
715865574
715866802
715859414
696204874
708427086
715865912
711900137
711456931
715872084
715872463
712219778
715867712
715868353
704961534
715872836
650967291
715875731
707558680
683963352
711981456
714067746
714030192
715063239
715878306
715874073
657461359
715876830
550941879
608590262
715878985
710679437
715340974
707054637
645683936
714950060
715843443
715881413
714973011
514933658
514942336
534559540
576222703
575390224
514897406
712729580
576350582
715881610
701724026
715879346
715880688
715881757
715881839
715843443
715881413
714973011
514933658
514942336
534559540
576222703
575390224
514897406
712729580
576350582
715881610
701724026
715879346
715880688
715881757
715881839
715881872
715882036
704562391
715882094
701727022
708171074
663770036
715872280
696832121
638998418
715881875
701798646
706230712
706124116
715881209
666223101
692305084
715882135
710884429
701801844
715882608
715881781
701828438
715875807
697761457
715882706
715879316
715879014
715881818
715882742
715141572
715684546
715883040
713142334
715873240
715872111
714951731
710389933
715895115
715576286
715895283
715894946
715895342
655703720
660674170
496539628
715895388
714894992
576272786
657738656
669647370
696317717
603325554
696321246
633486016
715895522
715894719
715895082
715895244
715894338
715127401
712027355
715359968
715895431
713529665
715871351
715895968
715850985
715647484
687214755
714964512
715081459
715895843
688902892
715896286
715890727
701440939
714047541
711108030
715896222
699045096
715884159
702087051
695024244
715896552
715886966
715873972
715887822
715885564
715873579
715896593
715896616
715885695
715895982
715894461
715888092
715896746
709688407
714964926
691356801
700685877
713118697
631503921
715896195
679911396
715884950
715882798
710116530
714965317
715897162
715897183
687152341
715897259
715832732
715779651
715361934
689673022
715649339
715299759
683437343
678004077
714457955
715836467
713934957
715840066
715816001
704499943
715897717
715875694
715837684
715838913
715897825
702550078
703345462
715843276
715898093
715843717
669808439
628320911
628132048
702799179
656056497
628139523
631904790
715863572
715898416
715896657
715842936
715845123
659258811
715051293
628316777
693791005
671912929
710363033
715846137
715898791
715898804
715847036
668037915
715898898
715898704
715852435
715852877
715848647
715363977
715897507
713795199
715634152
715859259
715898976
684303540
715862226
715868337
715899097
714967686
713936298
711158255
715896519
715866369
698122017
715854194
715854612
673201668
715898075
715855518
713157750
703020976
715868068
715861812
715854491
713002793
715867182
712052731
685095264
715899517
715899610
704709810
715136605
689908981
700350607
714050835
677495744
715899459
715899543
715899818
671790118
715899890
678693257
715862521
695816818
715899368
715898928
670499591
702730196
715876406
715899735
715898000
715899677
715897594
715899895
712177967
715726805
623404713
711955329
715862050
685447993
715900274
695185230
715899337
715894943
709607683
715899594
715894518
714152930
715896719
715896044
715900340
715895278
715894479
715900137
707743494
715900103
715900362
715896624
715894210
715894257
703583320
652002023
607512590
715899906
715900454
715900507
715900179
671702539
709183676
712384885
710175964
689737213
715892903
715892907
711593553
672441072
715899277
715900678
664260021
715897128
715900893
715900919
715900628
715893851
675244291
715900936
715891777
712004387
715901081
710960409
624980663
715086358
588155348
715889507
698550445
715652302
715901305
715889133
715901357
715900685
697648609
695197687
689666864
715896184
700289251
715880330
715882035
715901668
672312603
715880896
715901746
666675896
715229179
683121361
715901836
715366250
714970493
715881116
715902131
715902186
715902211
703740663
715902287
662916893
695196714
715901549
669957504
691079458
672139519
707252351
715902001
714295240
655602596
680995530
715367493
558797069
715902838
715902867
691458087
715902893
715902532
715902935
710975553
707725618
715902488
714296189
715903167
715655191
713161394
715903292
714054361
715903308
693800057
712778329
715903334
672138709
711079387
691367455
715896405
670831025
713537852
715903066
715903345
693606296
681235439
692169543
674811864
626026614
692317523
688651205
715901878
715903445
715904086
715903971
715904128
715709471
683123456
713162211
710958877
673947702
715904228
655250515
715903884
635862944
714228937
671682571
662949100
711023649
714055511
608769903
669914064
715892533
715891740
712906405
621644878
715904102
715904908
712849538
365046564
715904801
715905043
715905061
715905128
715904530
666509709
666889203
714426251
708040302
705836314
715905479
715905556
715905592
713162828
713163449
696135564
672244818
691219829
714522579
706862080
715905695
715905614
662862116
712372979
715905840
665119929
707548389
659888818
713042324
665635075
715905210
692653959
714717458
715906020
715906060
632092581
691333441
715091876
715906138
715091689
689565366
715905716
714974407
715903917
715906262
690238963
665476595
713830514
715906329
710135583
593806813
715906232
576549121
714974705
714057280
715657688
688615290
698019827
686303624
709972583
715906529
715906605
715906885
715906902
715906907
715906727
637679895
712048389
709981337
715906253
715906567
715907162
715907032
715907062
675489198
715659616
715907454
667209771
715042318
715907163
714681925
678517047
710433372
713542085
715907322
711115520
715907901
715907925
715907977
715907999
715907031
714437632
715907430
715660406
715907503
715907871
687980891
715903615
676918999
713165772
681781414
715373854
714046310
714836421
715908522
715907731
715908594
715660853
689282942
715908790
715908791
690084673
715908561
713504562
710678552
715908287
715593453
672251147
715374695
715908786
715909275
713285108
714977175
715909401
714431931
714059911
698899466
715909271
715909559
707268333
715909573
715908814
715909630
715909741
713167217
687989218
714060240
714171585
668758619
679094423
715909937
715909965
715906428
715096156
712678134
715375860
715909128
661942375
715908509
708269355
715910405
715663173
684425058
715910214
715909963
715910065
715909781
714061062
714061109
712072178
715910089
715910808
715909984
715910827
706946537
707988532
711993508
715910991
714061200
715911041
714371590
705100204
691472899
679454994
711752152
715910935
715910809
693879386
715911306
679951879
704759765
669206537
715664079
714469096
635160993
683315100
687821597
715664289
715911547
715369751
701112272
715478681
715911529
715911352
715911675
713169224
715103539
715911835
583419699
715912098
715912126
715911956
711933488
646782790
715911310
715911242
715911730
715912354
714062908
714397926
715912610
715912076
715912059
668280677
713170161
715912780
687986197
715912978
715912981
715913071
715913076
701410039
683748414
715665870
714903999
715913215
715913066
681105636
623325849
713548242
715913298
714902681
715913365
715913388
708614919
713993204
711593722
715912769
715913605
710315148
715913626
714981911
708311741
715913766
694846112
672440253
715913932
715883283
715913665
697039558
715913930
715912282
227291930
683244745
715913178
709412484
715914300
696309466
715903674
707555793
707556856
715914240
714064892
624764234
715914513
709976941
715914075
704918687
715914571
707738659
713906370
715101402
712256845
679970484
715914938
711133844
715914989
715914963
706791582
693540883
715914996
715914915
715914586
714866030
712544725
715915192
707698643
715915264
714983576
714983217
715915363
612679639
715915404
715915396
715800002
715915489
715915347
715388404
591762573
715428636
715915236
715102576
712272069
715914970
669404953
714066300
701376604
713767009
706289401
711980216
715916024
685287009
715916019
675840960
715916254
715916333
715912243
715916393
715856983
715916452
639946522
638219731
669881802
715103499
715916623
715916453
715916262
715796345
712003819
715916446
713424899
713174251
620661929
700289287
715917014
706746825
715917067
715917090
712931061
715916458
715917243
655640848
679792655
714985698
715917070
715159174
714067553
712810661
715917481
715917546
698090674
715917783
715772880
715916992
709232466
715917845
704916941
690833552
714986234
715917894
697141715
715918019
711972601
715672986
715918319
654851632
658597951
524350066
684550098
715918358
715672858
656126608
656125380
715916826
715918565
714986943
687457604
707052716
715918866
714987094
701481751
715673403
715387052
715919008
644573221
715786360
715918606
697523918
715919178
714987115
680172248
715919088
715919312
715909006
714987757
715907792
715919603
661385690
715919786
715919369
715919907
715918783
715919945
715107310
709912301
689366206
715920100
714988476
715919589
715920321
715103933
714070736
713552787
715798417
715920724
673839563
715920867
714110967
715915144
715676172
707972735
715919392
711811664
548142418
715717690
715921120
715921007
714853841
706135884
713557893
715921349
698891900
714924721
715921529
715920353
715920170
699604934
674586116
715921700
715919665
703323573
715921797
715109306
715921606
715921567
715921466
715922076
677889659
711641199
714392000
604654837
715918600
667028379
648775075
715609811
714017725
715863897
714521998
715922930
702304590
635847587
715923237
707573576
703836112
686087429
715923319
650862023
618709758
701847418
715923527
715923565
715923463
715923420
715835893
715923653
715923611
715923446
691303726
703120141
713960410
715923747
715923784
715924230
695901493
706154798
672395247
715924362
674272637
715923841
715924532
710088618
715924339
574031279
715922505
678546777
687241246
712068533
714201649
709082329
715925036
715925059
692438588
666119875
696653784
715681079
715395048
715681258
715113276
711813033
712223151
711989053
715925493
715925420
715925582
682674689
715905799
711811831
688842701
715925951
715925421
715925232
715926081
715926084
715926105
676475131
704037388
713433627
715682470
650293906
706026504
715925492
715396473
706319365
715926307
715926455
710445342
703238799
715926555
714022697
715926495
715909345
650295751
715926874
715927084
689433976
715927135
715134371
706462499
715927073
715927218
714366671
712070520
715927251
714282625
703491490
715927303
715684155
705492248
691370928
715927730
715927558
715927530
715927762
715927829
715927788
693496462
493247064
711182984
715928197
665474556
715928146
638397533
702246280
715927889
715685268
703932689
715928327
715863270
709210649
715928596
715928437
713413414
715923638
315868652
715928771
715928009
715928990
715929170
715929016
652092649
667055306
682228362
715929570
715929409
715929645
715929779
715929778
715929808
711328587
715929499
715910616
713780736
715930123
715927856
715930156
685183615
711059842
714998322
715930103
715930140
577225675
709450871
712036300
715930419
715930563
691253742
714080912
715930663
715688049
715930838
715927574
715930991
713923964
713918976
715930910
715930998
709747482
653906554
711747695
716017535
716017705
715505031
710482141
714161913
665166188
714047880
702201522
664648210
676373759
690101349
716014065
716018010
698405703
714161736
577062338
715588992
716017333
702418831
716017451
568967947
716018090
715505829
715779651
711678663
574785569
715222644
716017001
716018495
715779581
710326250
710656202
709074165
715083178
716018209
716014372
716018734
716018624
709823874
716012862
716018726
716018888
716018078
716018808
716019058
714847046
712013083
716019094
716017083
694199733
652002000
716019144
715970906
668888038
716011631
716013754
714049028
714088169
716019487
716018699
697326007
715219901
652045932
705116023
695585033
715224253
715798447
686152347
716019722
713268382
716014054
716019921
716018022
674759247
716020055
635397904
712255687
716020180
702421447
716020216
713067723
696211737
624756686
716004185
716020283
716020424
715312836
715224985
696321246
716013157
670608257
625994858
674338533
673471939
716016212
715999627
716011646
716007188
716019845
706576732
689677510
716020450
711816256
710863856
680319394
713382984
712135836
685095264
716020457
716020973
716021040
715976556
596495582
709121725
614077891
712512116
716021277
715782475
709491147
706379639
651206620
668995579
706684715
716021512
715211919
699048000
715782706
713092368
710897629
716021059
715226588
716011923
707485882
671779458
716021780
707710151
716022196
714422340
716021413
707712158
715285597
716021256
716022199
716021986
711312714
680218596
716020780
716021035
716022708
586976155
694405646
716019283
686186659
702391967
716012853
716022627
666318473
716021097
704065540
695013626
716022655
716022827
704044925
712619831
704324231
712475363
716023356
716018784
716022672
703250557
715991454
714167804
715088000
716015944
709681999
711385988
703248514
703372224
716023361
716023556
711668953
716023190
712155318
716024186
716009172
667147079
709569120
713272654
715088452
548653518
708671836
714618936
715087103
716024394
548258651
707929087
716023795
520911160
715089088
716022497
716024572
716015841
716023115
716024927
689028525
709536509
713272998
716025076
716021003
714169150
716023931
716014390
714762022
693535546
716024007
716025278
716025114
716001130
697962167
716024729
716025453
708886301
716025049
716021691
716025638
707185609
716025366
716024952
715999473
716017911
713030229
715754515
715619389
716025357
703851561
588211301
558880722
678733077
716026214
687890891
716016268
715786809
716026225
715656728
716026226
716015237
712071466
716024383
716024985
677292851
683468526
716026668
716026770
716026800
615159568
692187307
716024208
716026851
714170967
688055257
697243155
716027019
708378975
710892889
716006847
716027199
716027198
716026155
715787818
716020449
703302030
713275649
716027500
716005337
712166826
667546724
602010980
716027740
708104232
716027559
716027658
666840747
715777247
714928468
716005073
716027690
679764974
715232725
716024005
711968572
715515416
715233224
716028493
592542938
716028632
711035256
714057611
715232846
709872180
704211687
713169888
701341043
711185453
714173056
715974590
716029303
714173026
716028868
714173182
714609594
698065939
710654998
716028141
711487757
692415017
716026172
715517078
680123691
712170336
695444494
716030116
716030229
715866203
716030092
712163992
703885604
601180808
638686591
716030449
716030530
716028270
716030668
715206811
716030727
675455584
716024188
713278787
715095029
713278816
700610938
713278847
715875664
716030358
713278981
654985138
716031202
715784515
714175043
716031303
716031310
715790241
716009484
716031130
715518581
707253601
716025477
716031496
716031551
716031726
715754855
707132503
716031834
704680118
713279482
716031869
548130650
715783820
678735467
716018442
715519348
715234820
716030931
715791678
696374965
716031306
692862431
716032123
716032153
711905701
715983021
708253088
716031631
715096336
716031256
716029487
637137424
716032295
716031404
716026949
716032680
716027607
716026998
716029949
715869004
576432437
716009378
716021117
716032974
716033002
697622837
716030177
716023020
695048453
708957815
713280868
714470606
716033404
712092003
712089735
712089997
712088793
712087955
712087213
712085654
711831796
708033317
716032709
689812672
667795279
716033553
715793313
708956148
678425575
548670786
709120236
716032910
264357430
716033270
714450004
716033612
714177473
706849167
658586113
716032667
716033403
716011845
716034049
716011293
714431127
716013012
716033436
716034256
712177753
716034210
711208418
687637649
711857396
711902675
712000614
716033456
716033891
704454098
716034679
716034377
713282364
716034546
716034704
716034543
715924144
715311864
716034945
716034388
713282388
704500460
716034944
713281862
712473421
714501489
624924038
716035412
661235029
716035485
669683625
714878847
716035526
656716431
677237125
714879937
716034897
523480724
716033679
716035344
715219018
711677597
715953652
703147919
672619402
716036021
715459751
716035832
716019477
716036043
715694996
714865648
716017667
716032308
716026154
623226933
712164356
716017750
716036331
716036321
711467972
712774009
716036454
716036536
713284215
703371821
711762406
685620854
673155980
716036801
716034814
709528458
716036683
716023016
716036174
664585361
680047980
715991448
661024654
711517955
547116252
593442881
678424104
715633444
716037134
715667800
716036958
716037217
710694439
716036802
716037349
715628664
715796703
714180358
716037469
716026674
661073386
665343490
691213429
716037014
695394058
700597007
716037298
607452489
604456691
716037069
716037394
619360943
716037719
716037507
716037542
702093113
716025047
716038061
716037596
713285743
710784724
669520324
716037842
705794940
695929794
716037668
716038456
716038412
716038466
711940845
716038601
716038599
716038640
715102387
628851926
714181696
716038706
716036568
709910364
710427417
716038884
713864794
714182395
652433916
716039052
716039063
716039361
716038506
710255067
680262195
711805524
679646838
687927643
688494694
716039096
660622313
330019166
716039346
716039214
716039217
716039541
711067528
715103499
714781268
715812264
710269522
715784511
716039500
678744225
714869955
702592504
712041118
716039750
713931136
716039358
704684673
716040367
712143248
716040513
701351163
710766292
716040403
716040326
707901313
716040712
716040841
716040840
711732343
715800002
716040284
716040979
715528728
716040855
716041073
716040201
716041152
715696144
714184580
716041419
680096541
716040753
716041515
716041521
716041168
716041328
695229568
716041744
681569361
716041597
700265397
716041808
714185083
716042027
675004424
716042216
716041733
716041611
716041539
716041760
708273056
628190694
714447387
716042793
716041777
716042600
716042893
716042905
716042918
672091988
716042374
716043040
687948501
716043160
708892946
716043025
652293614
694425066
674096238
715802107
673566721
702601677
716043177
716043744
678247206
716043420
716043406
715962232
716043542
716043813
674750933
520696736
711827945
715107798
647709044
716043335
643502415
631091489
631729610
703382573
714196947
630447410
711283109
644956139
716044187
714873730
715103933
708450325
716044239
655599874
716044266
715803017
715108337
716044149
648862533
708020085
600498979
716044387
669367460
716044481
655645007
716044861
689669435
716044871
699510280
703212938
689817962
716027504
678465301
715232063
715532995
628886426
701285913
711091940
714740543
714887733
678842958
707701129
711952457
697285706
682870087
711827225
625507295
716045398
704143108
666880674
715714174
715803763
716044146
713292541
716045752
713222786
711041872
716043600
716030238
716044879
716045951
716045981
713341290
715538935
716045397
704089607
711787280
716046041
702747098
707827593
716045884
716045005
713118697
629922144
688851528
716046174
716046282
715085781
694331525
716045340
657716228
610587007
716046178
715110464
716046922
716045739
708206022
716047014
708606534
716046820
716047145
716046486
714190270
716046473
715374467
716046599
713824407
707622856
716046846
630653357
715535273
715803196
716047586
658396935
713294172
716047664
716047678
716047588
680279837
716047580
711292860
715637197
679656385
716047789
707613713
716047448
716008865
678236679
631776356
574031279
702652858
714190407
667183498
716048108
716048087
716048388
716048062
716048313
716048590
716048198
703496452
716048367
716048355
702628815
715111669
707456473
715717306
659826754
716047943
712229254
708920255
715923420
716048607
716048373
716048791
716047937
709983368
716048536
716049176
670438165
709881103
663066124
715536981
716049191
716049017
716049284
713524383
673505495
716049071
715946571
716048855
716049339
697299500
564609161
712164928
716047818
716049592
708277738
712388865
688811575
643464035
708421255
624977005
644704055
715680946
654004913
716049446
624966762
716049642
714162383
716049738
716049704
707454972
714454550
707458308
715255867
716050042
691883961
715201357
708594455
716049692
634342818
703655608
716050268
614684828
716049976
716050380
716050291
511447264
716044325
716050668
716050688
716050791
716050665
716050741
709533628
706826723
716051040
716051048
716050888
712943817
716051007
714194262
712089072
716051265
716051340
716050555
706319365
716051389
716051384
716051199
689745478
694948801
716051715
650295751
716051869
710866010
711342373
674268792
714194876
716051635
716051545
710971486
659778691
680105689
716052466
716052483
713298763
710804222
716052585
715810594
715810536
716052745
716052264
715810856
716050646
714196265
715811251
708769130
716053294
708283661
696357665
714196548
716052931
688544664
708567827
716052830
716053379
716053447
716053632
712545716
714331481
716051583
692144503
716053817
716053445
716052665
687622418
716053413
715812067
691108698
704073269
716053348
716052790
716054054
716053714
716054077
716053839
716053952
716053268
716053775
